# Time-averaged data for fix myat1
# TimeStep v_kinetic_energy v_potential_energy v_volume
143 1.26319 -6.37377 140.608
144 1.25764 -6.36776 140.608
145 1.24087 -6.3516 140.608
146 1.21291 -6.3229 140.608
147 1.1738 -6.28321 140.608
148 1.12378 -6.23333 140.608
149 1.06355 -6.17289 140.608
150 0.99465 -6.10446 140.608
151 0.919805 -6.02879 140.608
152 0.842995 -5.9523 140.608
153 0.769087 -5.87809 140.608
154 0.702919 -5.81185 140.608
155 0.648229 -5.75689 140.608
156 0.60701 -5.71491 140.608
157 0.579543 -5.68766 140.608
158 0.564781 -5.67225 140.608
159 0.560806 -5.66886 140.608
160 0.565256 -5.6736 140.608
161 0.575672 -5.68415 140.608
162 0.589796 -5.69777 140.608
163 0.605759 -5.7135 140.608
164 0.622165 -5.72979 140.608
165 0.638069 -5.74601 140.608
166 0.652886 -5.76037 140.608
167 0.666269 -5.7739 140.608
168 0.678026 -5.7852 140.608
169 0.688037 -5.79611 140.608
170 0.696215 -5.80458 140.608
171 0.702497 -5.81056 140.608
172 0.706879 -5.81463 140.608
173 0.709438 -5.81626 140.608
174 0.71034 -5.81729 140.608
175 0.709823 -5.81646 140.608
176 0.708186 -5.81464 140.608
177 0.705768 -5.81251 140.608
178 0.702898 -5.80932 140.608
179 0.699854 -5.80596 140.608
180 0.696833 -5.80278 140.608
181 0.693953 -5.80021 140.608
182 0.691233 -5.79749 140.608
183 0.688644 -5.79475 140.608
184 0.686155 -5.79196 140.608
185 0.683769 -5.78912 140.608
186 0.681553 -5.7869 140.608
187 0.679632 -5.78451 140.608
188 0.678118 -5.78239 140.608
189 0.677014 -5.78191 140.608
190 0.676149 -5.78031 140.608
191 0.675202 -5.7803 140.608
192 0.673776 -5.77875 140.608
193 0.671505 -5.77664 140.608
194 0.668141 -5.77313 140.608
195 0.663598 -5.76873 140.608
196 0.657929 -5.76275 140.608
197 0.651271 -5.75698 140.608
198 0.643811 -5.74906 140.608
199 0.635742 -5.74113 140.608
200 0.627225 -5.7323 140.608
201 0.618392 -5.72331 140.608
202 0.609347 -5.71321 140.608
203 0.600184 -5.70419 140.608
204 0.591011 -5.69486 140.608
205 0.581994 -5.68628 140.608
206 0.573406 -5.67797 140.608
207 0.565648 -5.67003 140.608
208 0.559242 -5.66404 140.608
209 0.554806 -5.65986 140.608
210 0.552953 -5.65827 140.608
211 0.554163 -5.65977 140.608
212 0.558649 -5.66411 140.608
213 0.566286 -5.67162 140.608
214 0.576588 -5.68212 140.608
215 0.588771 -5.69466 140.608
216 0.601882 -5.70783 140.608
217 0.614954 -5.72094 140.608
218 0.627151 -5.73393 140.608
219 0.637845 -5.74449 140.608
220 0.646656 -5.75345 140.608
221 0.653435 -5.76037 140.608
222 0.658226 -5.76454 140.608
223 0.661184 -5.76778 140.608
224 0.662506 -5.76969 140.608
225 0.662407 -5.76942 140.608
226 0.661082 -5.76884 140.608
227 0.658676 -5.76628 140.608
228 0.655273 -5.76212 140.608
229 0.650919 -5.75761 140.608
230 0.645609 -5.75276 140.608
231 0.639307 -5.74662 140.608
232 0.631987 -5.73885 140.608
233 0.623654 -5.73021 140.608
234 0.614391 -5.72125 140.608
235 0.604401 -5.71048 140.608
236 0.594004 -5.69916 140.608
237 0.583616 -5.68859 140.608
238 0.5737 -5.67865 140.608
239 0.564698 -5.67008 140.608
240 0.556948 -5.66202 140.608
241 0.550653 -5.65632 140.608
242 0.545871 -5.65139 140.608
243 0.542519 -5.6479 140.608
244 0.540422 -5.64536 140.608
245 0.539334 -5.64444 140.608
246 0.538973 -5.6438 140.608
247 0.539081 -5.64437 140.608
248 0.539431 -5.64488 140.608
249 0.539833 -5.64544 140.608
250 0.540133 -5.64544 140.608
251 0.540194 -5.64581 140.608
252 0.539892 -5.64582 140.608
253 0.539117 -5.64596 140.608
254 0.53777 -5.64402 140.608
255 0.535773 -5.64172 140.608
256 0.533122 -5.63922 140.608
257 0.529897 -5.63553 140.608
258 0.526283 -5.63145 140.608
259 0.522557 -5.6274 140.608
260 0.519045 -5.62341 140.608
261 0.516108 -5.62091 140.608
262 0.514104 -5.61918 140.608
263 0.513354 -5.61872 140.608
264 0.51412 -5.61932 140.608
265 0.516565 -5.62192 140.608
266 0.520728 -5.62608 140.608
267 0.52651 -5.63203 140.608
268 0.533685 -5.63937 140.608
269 0.541915 -5.64869 140.608
270 0.550776 -5.65697 140.608
271 0.559782 -5.66555 140.608
272 0.568434 -5.67393 140.608
273 0.576264 -5.68223 140.608
274 0.582846 -5.68944 140.608
275 0.587851 -5.69461 140.608
276 0.591064 -5.69782 140.608
277 0.592394 -5.69915 140.608
278 0.591896 -5.69803 140.608
279 0.589747 -5.69541 140.608
280 0.586211 -5.69246 140.608
281 0.581601 -5.68783 140.608
282 0.576222 -5.68258 140.608
283 0.570353 -5.67715 140.608
284 0.564208 -5.67055 140.608
285 0.557939 -5.66397 140.608
286 0.551649 -5.65829 140.608
287 0.545402 -5.65189 140.608
288 0.539251 -5.64604 140.608
289 0.53327 -5.64005 140.608
290 0.527558 -5.63524 140.608
291 0.522248 -5.63128 140.608
292 0.517509 -5.62729 140.608
293 0.513533 -5.62331 140.608
294 0.510514 -5.61998 140.608
295 0.508633 -5.61794 140.608
296 0.508036 -5.61764 140.608
297 0.508816 -5.61812 140.608
298 0.511002 -5.62015 140.608
299 0.514569 -5.62403 140.608
300 0.519454 -5.62877 140.608
301 0.525558 -5.63563 140.608
302 0.532736 -5.64252 140.608
303 0.540784 -5.65119 140.608
304 0.549438 -5.65956 140.608
305 0.558341 -5.66818 140.608
306 0.567066 -5.67724 140.608
307 0.575139 -5.6864 140.608
308 0.582105 -5.69308 140.608
309 0.587617 -5.69861 140.608
310 0.591468 -5.70201 140.608
311 0.593604 -5.70444 140.608
312 0.594132 -5.7051 140.608
313 0.593274 -5.70407 140.608
314 0.591309 -5.70103 140.608
315 0.588499 -5.69836 140.608
316 0.585055 -5.69491 140.608
317 0.58112 -5.69052 140.608
318 0.57678 -5.68558 140.608
319 0.572107 -5.68105 140.608
320 0.567204 -5.67584 140.608
321 0.56223 -5.67055 140.608
322 0.557416 -5.66557 140.608
323 0.553057 -5.66164 140.608
324 0.549447 -5.65756 140.608
325 0.546843 -5.65404 140.608
326 0.545403 -5.6526 140.608
327 0.545162 -5.65222 140.608
328 0.546028 -5.6528 140.608
329 0.547796 -5.65443 140.608
330 0.55018 -5.65729 140.608
331 0.552858 -5.66014 140.608
332 0.555533 -5.66373 140.608
333 0.55797 -5.66693 140.608
334 0.560011 -5.66867 140.608
335 0.56158 -5.67008 140.608
336 0.562686 -5.67118 140.608
337 0.563369 -5.67202 140.608
338 0.563665 -5.67307 140.608
339 0.563573 -5.67313 140.608
340 0.563023 -5.67244 140.608
341 0.5619 -5.67072 140.608
342 0.560084 -5.66891 140.608
343 0.557521 -5.6665 140.608
344 0.554273 -5.66248 140.608
345 0.550559 -5.65845 140.608
346 0.546717 -5.65473 140.608
347 0.543145 -5.65023 140.608
348 0.540239 -5.64745 140.608
349 0.538305 -5.64551 140.608
350 0.53749 -5.64485 140.608
351 0.537773 -5.64484 140.608
352 0.538957 -5.6456 140.608
353 0.540723 -5.64663 140.608
354 0.542691 -5.64817 140.608
355 0.544502 -5.65046 140.608
356 0.545891 -5.65231 140.608
357 0.546735 -5.65345 140.608
358 0.54709 -5.65425 140.608
359 0.547147 -5.65474 140.608
360 0.547173 -5.6552 140.608
361 0.547444 -5.65531 140.608
362 0.54815 -5.65677 140.608
363 0.549352 -5.65858 140.608
364 0.55099 -5.65977 140.608
365 0.552931 -5.66278 140.608
366 0.555012 -5.66457 140.608
367 0.557097 -5.66651 140.608
368 0.559089 -5.66865 140.608
369 0.560927 -5.67049 140.608
370 0.562577 -5.67169 140.608
371 0.563973 -5.67309 140.608
372 0.565018 -5.67444 140.608
373 0.565566 -5.6747 140.608
374 0.565456 -5.67385 140.608
375 0.564568 -5.67266 140.608
376 0.562869 -5.67081 140.608
377 0.560463 -5.66869 140.608
378 0.557595 -5.6655 140.608
379 0.554654 -5.66283 140.608
380 0.552144 -5.66074 140.608
381 0.550599 -5.66083 140.608
382 0.550485 -5.66069 140.608
383 0.55211 -5.66201 140.608
384 0.555556 -5.66532 140.608
385 0.560674 -5.66986 140.608
386 0.567142 -5.67665 140.608
387 0.574554 -5.68484 140.608
388 0.582511 -5.69237 140.608
389 0.590662 -5.70008 140.608
390 0.598721 -5.70815 140.608
391 0.606462 -5.71621 140.608
392 0.613677 -5.72343 140.608
393 0.620146 -5.73021 140.608
394 0.625647 -5.73617 140.608
395 0.629971 -5.7399 140.608
396 0.632937 -5.74288 140.608
397 0.634384 -5.74388 140.608
398 0.634175 -5.74428 140.608
399 0.632248 -5.7419 140.608
400 0.628632 -5.73798 140.608
401 0.623462 -5.73325 140.608
402 0.617014 -5.72693 140.608
403 0.609704 -5.71914 140.608
404 0.602046 -5.71114 140.608
405 0.594586 -5.70381 140.608
406 0.587828 -5.69657 140.608
407 0.582165 -5.6912 140.608
408 0.577835 -5.68702 140.608
409 0.574927 -5.68396 140.608
410 0.573412 -5.682 140.608
411 0.573188 -5.68133 140.608
412 0.57412 -5.68167 140.608
413 0.576035 -5.68299 140.608
414 0.578729 -5.6857 140.608
415 0.581961 -5.68985 140.608
416 0.585449 -5.69275 140.608
417 0.588879 -5.69589 140.608
418 0.591956 -5.69944 140.608
419 0.594459 -5.7018 140.608
420 0.596227 -5.70327 140.608
421 0.597161 -5.7042 140.608
422 0.597233 -5.70457 140.608
423 0.596475 -5.70411 140.608
424 0.594954 -5.70258 140.608
425 0.592754 -5.70038 140.608
426 0.589985 -5.6973 140.608
427 0.586769 -5.69423 140.608
428 0.583242 -5.69146 140.608
429 0.579565 -5.68746 140.608
430 0.575944 -5.68292 140.608
431 0.572644 -5.6793 140.608
432 0.569975 -5.67737 140.608
433 0.568282 -5.6758 140.608
434 0.567918 -5.67557 140.608
435 0.569178 -5.67637 140.608
436 0.572237 -5.68002 140.608
437 0.577111 -5.68475 140.608
438 0.583661 -5.69162 140.608
439 0.591576 -5.69941 140.608
440 0.600412 -5.70797 140.608
441 0.609663 -5.71756 140.608
442 0.618811 -5.72689 140.608
443 0.627369 -5.73517 140.608
444 0.634905 -5.74333 140.608
445 0.641076 -5.74996 140.608
446 0.645638 -5.75468 140.608
447 0.648459 -5.75736 140.608
448 0.649527 -5.75856 140.608
449 0.648951 -5.75813 140.608
450 0.646946 -5.75656 140.608
451 0.643773 -5.75368 140.608
452 0.639686 -5.74912 140.608
453 0.634895 -5.74432 140.608
454 0.629549 -5.73866 140.608
455 0.623734 -5.7327 140.608
456 0.617508 -5.72587 140.608
457 0.610945 -5.72006 140.608
458 0.60417 -5.71222 140.608
459 0.597363 -5.70555 140.608
460 0.590753 -5.69923 140.608
461 0.58458 -5.69335 140.608
462 0.579055 -5.68767 140.608
463 0.574313 -5.68263 140.608
464 0.570389 -5.67795 140.608
465 0.567226 -5.67526 140.608
466 0.564681 -5.67182 140.608
467 0.562585 -5.67003 140.608
468 0.560793 -5.66809 140.608
469 0.559209 -5.66666 140.608
470 0.557797 -5.6654 140.608
471 0.556572 -5.66372 140.608
472 0.555558 -5.66316 140.608
473 0.554723 -5.66278 140.608
474 0.553936 -5.66171 140.608
475 0.552957 -5.66076 140.608
476 0.551484 -5.65915 140.608
477 0.549217 -5.65645 140.608
478 0.545938 -5.65257 140.608
479 0.541584 -5.64761 140.608
480 0.53626 -5.64317 140.608
481 0.530224 -5.63726 140.608
482 0.523847 -5.63101 140.608
483 0.517542 -5.62454 140.608
484 0.511687 -5.61866 140.608
485 0.50658 -5.61353 140.608
486 0.502437 -5.60984 140.608
487 0.499386 -5.60678 140.608
488 0.497493 -5.60519 140.608
489 0.496805 -5.60465 140.608
490 0.497354 -5.6061 140.608
491 0.499176 -5.60791 140.608
492 0.502317 -5.6112 140.608
493 0.506813 -5.61554 140.608
494 0.512661 -5.62109 140.608
495 0.519782 -5.62837 140.608
496 0.528003 -5.63737 140.608
497 0.537034 -5.64612 140.608
498 0.546461 -5.65528 140.608
499 0.555783 -5.66433 140.608
500 0.564454 -5.67303 140.608
501 0.571948 -5.6798 140.608
502 0.577812 -5.68508 140.608
503 0.581716 -5.68869 140.608
504 0.583504 -5.69018 140.608
505 0.583201 -5.69047 140.608
506 0.581015 -5.6875 140.608
507 0.577298 -5.68315 140.608
508 0.57249 -5.67801 140.608
509 0.56709 -5.67288 140.608
510 0.561608 -5.66752 140.608
511 0.5565 -5.663 140.608
512 0.552099 -5.65874 140.608
513 0.548587 -5.65507 140.608
514 0.545971 -5.65277 140.608
515 0.544114 -5.65168 140.608
516 0.542779 -5.65096 140.608
517 0.54171 -5.64915 140.608
518 0.540712 -5.648 140.608
519 0.539687 -5.64773 140.608
520 0.538657 -5.64684 140.608
521 0.537744 -5.64622 140.608
522 0.537124 -5.64544 140.608
523 0.536966 -5.64588 140.608
524 0.537382 -5.64615 140.608
525 0.538411 -5.64703 140.608
526 0.540029 -5.64865 140.608
527 0.542201 -5.65082 140.608
528 0.544931 -5.65384 140.608
529 0.548267 -5.65672 140.608
530 0.552281 -5.66088 140.608
531 0.557023 -5.66547 140.608
532 0.562463 -5.67076 140.608
533 0.568458 -5.67632 140.608
534 0.574727 -5.68246 140.608
535 0.580892 -5.6888 140.608
536 0.58654 -5.69342 140.608
537 0.591286 -5.69849 140.608
538 0.59483 -5.70189 140.608
539 0.597003 -5.70421 140.608
540 0.597765 -5.70421 140.608
541 0.597184 -5.70286 140.608
542 0.595435 -5.70109 140.608
543 0.592765 -5.6981 140.608
544 0.58947 -5.69463 140.608
545 0.585856 -5.68993 140.608
546 0.582209 -5.68717 140.608
547 0.578761 -5.68417 140.608
548 0.575658 -5.68121 140.608
549 0.572942 -5.67774 140.608
550 0.570552 -5.67506 140.608
551 0.568362 -5.67273 140.608
552 0.566219 -5.67135 140.608
553 0.563969 -5.66896 140.608
554 0.561496 -5.66664 140.608
555 0.558725 -5.66371 140.608
556 0.555641 -5.66123 140.608
557 0.552278 -5.65801 140.608
558 0.548708 -5.65397 140.608
559 0.545025 -5.64968 140.608
560 0.541343 -5.64614 140.608
561 0.53778 -5.64272 140.608
562 0.534454 -5.6403 140.608
563 0.531476 -5.63731 140.608
564 0.528949 -5.63539 140.608
565 0.526983 -5.63417 140.608
566 0.525686 -5.63317 140.608
567 0.525184 -5.6319 140.608
568 0.525587 -5.63185 140.608
569 0.526956 -5.63382 140.608
570 0.52928 -5.6366 140.608
571 0.532428 -5.63977 140.608
572 0.53616 -5.64398 140.608
573 0.540134 -5.64798 140.608
574 0.543946 -5.65227 140.608
575 0.547215 -5.65541 140.608
576 0.549648 -5.65815 140.608
577 0.551085 -5.65959 140.608
578 0.551505 -5.66016 140.608
579 0.550983 -5.65948 140.608
580 0.54964 -5.65767 140.608
581 0.547594 -5.65593 140.608
582 0.544949 -5.65358 140.608
583 0.541833 -5.65 140.608
584 0.538457 -5.64691 140.608
585 0.535148 -5.64372 140.608
586 0.532335 -5.64012 140.608
587 0.530494 -5.63841 140.608
588 0.530046 -5.63794 140.608
589 0.531283 -5.63917 140.608
590 0.534321 -5.64267 140.608
591 0.53907 -5.64743 140.608
592 0.545264 -5.6535 140.608
593 0.55251 -5.66107 140.608
594 0.56035 -5.66848 140.608
595 0.568343 -5.67665 140.608
596 0.576141 -5.6843 140.608
597 0.583533 -5.692 140.608
598 0.59044 -5.6989 140.608
599 0.596881 -5.70549 140.608
600 0.60293 -5.71138 140.608
601 0.608643 -5.71633 140.608
602 0.614032 -5.72202 140.608
603 0.619051 -5.72659 140.608
604 0.623608 -5.7313 140.608
605 0.627585 -5.73499 140.608
606 0.630843 -5.7384 140.608
607 0.633226 -5.74019 140.608
608 0.634547 -5.74137 140.608
609 0.634614 -5.7413 140.608
610 0.63326 -5.73965 140.608
611 0.630361 -5.73706 140.608
612 0.625869 -5.73272 140.608
613 0.619852 -5.72579 140.608
614 0.612484 -5.71886 140.608
615 0.604027 -5.70993 140.608
616 0.594817 -5.6998 140.608
617 0.585224 -5.69018 140.608
618 0.575605 -5.68115 140.608
619 0.566281 -5.67197 140.608
620 0.557498 -5.66288 140.608
621 0.549409 -5.65479 140.608
622 0.542113 -5.64795 140.608
623 0.535679 -5.64166 140.608
624 0.530177 -5.63601 140.608
625 0.525722 -5.63109 140.608
626 0.522463 -5.62782 140.608
627 0.520561 -5.62622 140.608
628 0.520149 -5.6255 140.608
629 0.52128 -5.62709 140.608
630 0.523898 -5.62911 140.608
631 0.527815 -5.63319 140.608
632 0.53273 -5.63752 140.608
633 0.53829 -5.64386 140.608
634 0.54413 -5.65017 140.608
635 0.549922 -5.65567 140.608
636 0.555417 -5.66132 140.608
637 0.560459 -5.66651 140.608
638 0.564993 -5.67119 140.608
639 0.569032 -5.67568 140.608
640 0.572616 -5.67895 140.608
641 0.575771 -5.68211 140.608
642 0.578485 -5.68543 140.608
643 0.580694 -5.68779 140.608
644 0.582322 -5.68972 140.608
645 0.583325 -5.69012 140.608
646 0.58371 -5.69125 140.608
647 0.58355 -5.69154 140.608
648 0.58296 -5.69094 140.608
649 0.582082 -5.6899 140.608
650 0.581045 -5.68901 140.608
651 0.579924 -5.6885 140.608
652 0.578732 -5.68731 140.608
653 0.577432 -5.68586 140.608
654 0.575952 -5.68454 140.608
655 0.574235 -5.68282 140.608
656 0.572273 -5.6807 140.608
657 0.570133 -5.67855 140.608
658 0.567975 -5.67592 140.608
659 0.566042 -5.67442 140.608
660 0.564594 -5.67326 140.608
661 0.563862 -5.67192 140.608
662 0.564006 -5.67161 140.608
663 0.565041 -5.6731 140.608
664 0.566822 -5.67536 140.608
665 0.569088 -5.67719 140.608
666 0.571516 -5.67859 140.608
667 0.573772 -5.68011 140.608
668 0.575559 -5.68131 140.608
669 0.576657 -5.68226 140.608
670 0.576964 -5.68211 140.608
671 0.576504 -5.68195 140.608
672 0.575425 -5.68055 140.608
673 0.573971 -5.67968 140.608
674 0.572442 -5.67753 140.608
675 0.57114 -5.67682 140.608
676 0.570284 -5.6758 140.608
677 0.569973 -5.67534 140.608
678 0.570156 -5.67538 140.608
679 0.570636 -5.67573 140.608
680 0.571132 -5.67625 140.608
681 0.57133 -5.67601 140.608
682 0.570955 -5.67534 140.608
683 0.569827 -5.67437 140.608
684 0.567873 -5.67241 140.608
685 0.565143 -5.67027 140.608
686 0.561805 -5.66691 140.608
687 0.558125 -5.66185 140.608
688 0.55444 -5.65799 140.608
689 0.551122 -5.6545 140.608
690 0.54856 -5.65191 140.608
691 0.547121 -5.65 140.608
692 0.54711 -5.65028 140.608
693 0.548704 -5.65127 140.608
694 0.551914 -5.65449 140.608
695 0.556564 -5.65947 140.608
696 0.56232 -5.66511 140.608
697 0.568714 -5.67139 140.608
698 0.575185 -5.6785 140.608
699 0.581171 -5.68512 140.608
700 0.586177 -5.69014 140.608
701 0.589814 -5.69364 140.608
702 0.591846 -5.69552 140.608
703 0.592214 -5.69604 140.608
704 0.591009 -5.69467 140.608
705 0.588441 -5.69162 140.608
706 0.584817 -5.68752 140.608
707 0.580486 -5.68407 140.608
708 0.575803 -5.67892 140.608
709 0.571123 -5.67392 140.608
710 0.566755 -5.66984 140.608
711 0.562975 -5.66589 140.608
712 0.560053 -5.6628 140.608
713 0.558259 -5.6613 140.608
714 0.557862 -5.66074 140.608
715 0.559088 -5.66196 140.608
716 0.56206 -5.66554 140.608
717 0.566719 -5.67067 140.608
718 0.572784 -5.67691 140.608
719 0.579771 -5.68439 140.608
720 0.587087 -5.69144 140.608
721 0.594162 -5.69854 140.608
722 0.600537 -5.70478 140.608
723 0.605903 -5.70971 140.608
724 0.610076 -5.71433 140.608
725 0.612971 -5.71813 140.608
726 0.614552 -5.71942 140.608
727 0.614787 -5.71936 140.608
728 0.613624 -5.7182 140.608
729 0.610991 -5.71618 140.608
730 0.606827 -5.71218 140.608
731 0.601146 -5.70603 140.608
732 0.59411 -5.69837 140.608
733 0.58609 -5.69063 140.608
734 0.577665 -5.68246 140.608
735 0.569537 -5.67459 140.608
736 0.562418 -5.66728 140.608
737 0.556878 -5.66142 140.608
738 0.553195 -5.65744 140.608
739 0.551293 -5.65571 140.608
740 0.55081 -5.65527 140.608
741 0.551218 -5.65571 140.608
742 0.551995 -5.65682 140.608
743 0.552748 -5.65758 140.608
744 0.553274 -5.65886 140.608
745 0.553566 -5.65944 140.608
746 0.553772 -5.66023 140.608
747 0.554125 -5.66072 140.608
748 0.55486 -5.6619 140.608
749 0.556132 -5.66347 140.608
750 0.557962 -5.66591 140.608
751 0.560247 -5.66897 140.608
752 0.562818 -5.6714 140.608
753 0.565501 -5.67333 140.608
754 0.56816 -5.6766 140.608
755 0.570713 -5.67855 140.608
756 0.573129 -5.68081 140.608
757 0.575427 -5.68251 140.608
758 0.577606 -5.68469 140.608
759 0.579605 -5.68684 140.608
760 0.581279 -5.68853 140.608
761 0.582413 -5.69013 140.608
762 0.582754 -5.69079 140.608
763 0.582061 -5.69026 140.608
764 0.58016 -5.68821 140.608
765 0.576964 -5.68501 140.608
766 0.572469 -5.6799 140.608
767 0.56675 -5.67387 140.608
768 0.559958 -5.66692 140.608
769 0.552313 -5.65925 140.608
770 0.544093 -5.65086 140.608
771 0.53562 -5.64206 140.608
772 0.527261 -5.63429 140.608
773 0.519401 -5.62565 140.608
774 0.512399 -5.61818 140.608
775 0.506561 -5.61294 140.608
776 0.50211 -5.60879 140.608
777 0.499154 -5.60462 140.608
778 0.497689 -5.60302 140.608
779 0.497594 -5.60294 140.608
780 0.498647 -5.60431 140.608
781 0.500562 -5.60716 140.608
782 0.503009 -5.60978 140.608
783 0.505652 -5.61259 140.608
784 0.508199 -5.61546 140.608
785 0.510454 -5.61787 140.608
786 0.512359 -5.61992 140.608
787 0.514014 -5.62126 140.608
788 0.515659 -5.62318 140.608
789 0.517619 -5.62406 140.608
790 0.520229 -5.6268 140.608
791 0.523766 -5.62897 140.608
792 0.528392 -5.63359 140.608
793 0.534094 -5.6387 140.608
794 0.540686 -5.64471 140.608
795 0.547816 -5.65263 140.608
796 0.555006 -5.6603 140.608
797 0.561722 -5.66765 140.608
798 0.567431 -5.67354 140.608
799 0.571648 -5.67808 140.608
800 0.573992 -5.68029 140.608
801 0.574201 -5.68067 140.608
802 0.572141 -5.67875 140.608
803 0.567819 -5.67381 140.608
804 0.561387 -5.66706 140.608
805 0.553155 -5.6582 140.608
806 0.543605 -5.64876 140.608
807 0.53338 -5.63834 140.608
808 0.523272 -5.62847 140.608
809 0.514178 -5.61917 140.608
810 0.506987 -5.61178 140.608
811 0.502437 -5.6066 140.608
812 0.500997 -5.60545 140.608
813 0.502779 -5.6065 140.608
814 0.507527 -5.61234 140.608
815 0.514694 -5.62015 140.608
816 0.523575 -5.62877 140.608
817 0.533434 -5.63837 140.608
818 0.543585 -5.6481 140.608
819 0.553464 -5.65755 140.608
820 0.562644 -5.66675 140.608
821 0.570806 -5.67432 140.608
822 0.577731 -5.682 140.608
823 0.58327 -5.68769 140.608
824 0.587319 -5.69144 140.608
825 0.589817 -5.69333 140.608
826 0.590739 -5.69395 140.608
827 0.59007 -5.69298 140.608
828 0.587822 -5.69134 140.608
829 0.58407 -5.68818 140.608
830 0.578936 -5.68319 140.608
831 0.572594 -5.67729 140.608
832 0.565295 -5.67058 140.608
833 0.557348 -5.66337 140.608
834 0.549114 -5.65572 140.608
835 0.540989 -5.64757 140.608
836 0.533388 -5.64009 140.608
837 0.52671 -5.63294 140.608
838 0.521301 -5.62827 140.608
839 0.517418 -5.62392 140.608
840 0.515215 -5.62126 140.608
841 0.514704 -5.6203 140.608
842 0.51575 -5.62091 140.608
843 0.518078 -5.62281 140.608
844 0.521286 -5.62605 140.608
845 0.524909 -5.62955 140.608
846 0.528473 -5.63329 140.608
847 0.531568 -5.63626 140.608
848 0.533898 -5.6383 140.608
849 0.535305 -5.64016 140.608
850 0.535788 -5.64123 140.608
851 0.535487 -5.64091 140.608
852 0.534641 -5.64005 140.608
853 0.533532 -5.63832 140.608
854 0.532405 -5.63688 140.608
855 0.531408 -5.63528 140.608
856 0.530564 -5.63414 140.608
857 0.529768 -5.63351 140.608
858 0.528834 -5.63259 140.608
859 0.527559 -5.63193 140.608
860 0.525789 -5.63092 140.608
861 0.523443 -5.62812 140.608
862 0.520531 -5.62565 140.608
863 0.517148 -5.62241 140.608
864 0.51343 -5.61808 140.608
865 0.509544 -5.61372 140.608
866 0.505664 -5.61014 140.608
867 0.501954 -5.60627 140.608
868 0.498572 -5.60273 140.608
869 0.495672 -5.59936 140.608
870 0.493423 -5.5971 140.608
871 0.492012 -5.59659 140.608
872 0.491616 -5.59588 140.608
873 0.49237 -5.59678 140.608
874 0.494345 -5.59951 140.608
875 0.497472 -5.60295 140.608
876 0.501528 -5.60764 140.608
877 0.506155 -5.6123 140.608
878 0.510885 -5.61661 140.608
879 0.515228 -5.62173 140.608
880 0.518753 -5.62589 140.608
881 0.521153 -5.62829 140.608
882 0.522308 -5.6296 140.608
883 0.522317 -5.62989 140.608
884 0.521464 -5.62931 140.608
885 0.520146 -5.62827 140.608
886 0.518782 -5.62704 140.608
887 0.517701 -5.62579 140.608
888 0.517075 -5.62532 140.608
889 0.516895 -5.62545 140.608
890 0.517003 -5.62497 140.608
891 0.517197 -5.62488 140.608
892 0.517315 -5.62485 140.608
893 0.517313 -5.62469 140.608
894 0.517323 -5.62377 140.608
895 0.517622 -5.62419 140.608
896 0.51855 -5.62555 140.608
897 0.520415 -5.62619 140.608
898 0.52342 -5.62858 140.608
899 0.527598 -5.63247 140.608
900 0.532811 -5.63845 140.608
901 0.538773 -5.64474 140.608
902 0.545089 -5.65108 140.608
903 0.551327 -5.65811 140.608
904 0.557056 -5.66416 140.608
905 0.561868 -5.67005 140.608
906 0.565411 -5.67346 140.608
907 0.567402 -5.67607 140.608
908 0.567656 -5.67542 140.608
909 0.56611 -5.67387 140.608
910 0.562863 -5.66986 140.608
911 0.558183 -5.66545 140.608
912 0.552475 -5.65911 140.608
913 0.546249 -5.65285 140.608
914 0.540045 -5.64722 140.608
915 0.534341 -5.64165 140.608
916 0.529503 -5.6365 140.608
917 0.525767 -5.63351 140.608
918 0.523259 -5.6304 140.608
919 0.522053 -5.62919 140.608
920 0.522197 -5.62857 140.608
921 0.523734 -5.63056 140.608
922 0.526691 -5.63352 140.608
923 0.531045 -5.63817 140.608
924 0.536722 -5.64386 140.608
925 0.543583 -5.65134 140.608
926 0.551407 -5.65903 140.608
927 0.5599 -5.66694 140.608
928 0.568717 -5.67577 140.608
929 0.577477 -5.6838 140.608
930 0.585776 -5.69197 140.608
931 0.593233 -5.6993 140.608
932 0.599521 -5.7056 140.608
933 0.604366 -5.71031 140.608
934 0.607565 -5.71382 140.608
935 0.609006 -5.71436 140.608
936 0.608658 -5.71446 140.608
937 0.606562 -5.7119 140.608
938 0.602841 -5.70908 140.608
939 0.597682 -5.70451 140.608
940 0.591327 -5.69859 140.608
941 0.584058 -5.69161 140.608
942 0.576201 -5.68433 140.608
943 0.568081 -5.67695 140.608
944 0.560003 -5.66765 140.608
945 0.552256 -5.65958 140.608
946 0.545097 -5.65271 140.608
947 0.538721 -5.64603 140.608
948 0.533248 -5.6404 140.608
949 0.528718 -5.63618 140.608
950 0.525083 -5.6324 140.608
951 0.52222 -5.6288 140.608
952 0.519936 -5.62653 140.608
953 0.518041 -5.62465 140.608
954 0.516416 -5.62303 140.608
955 0.515068 -5.62107 140.608
956 0.514168 -5.6209 140.608
957 0.514009 -5.62087 140.608
958 0.514956 -5.62135 140.608
959 0.517298 -5.62414 140.608
960 0.521118 -5.62797 140.608
961 0.526225 -5.63265 140.608
962 0.532161 -5.63833 140.608
963 0.53831 -5.64482 140.608
964 0.544031 -5.64997 140.608
965 0.548776 -5.65504 140.608
966 0.552153 -5.65858 140.608
967 0.553918 -5.66035 140.608
968 0.553976 -5.6598 140.608
969 0.552348 -5.65831 140.608
970 0.549138 -5.65555 140.608
971 0.544514 -5.65076 140.608
972 0.538687 -5.64538 140.608
973 0.53191 -5.63873 140.608
974 0.524478 -5.63158 140.608
975 0.516727 -5.62412 140.608
976 0.509024 -5.61624 140.608
977 0.501728 -5.60832 140.608
978 0.495182 -5.6013 140.608
979 0.489704 -5.59611 140.608
980 0.485558 -5.5921 140.608
981 0.48291 -5.58945 140.608
982 0.481803 -5.5882 140.608
983 0.482173 -5.58843 140.608
984 0.483882 -5.58939 140.608
985 0.486741 -5.59272 140.608
986 0.490548 -5.59669 140.608
987 0.49515 -5.6019 140.608
988 0.500441 -5.60689 140.608
989 0.506344 -5.61325 140.608
990 0.512792 -5.6197 140.608
991 0.519693 -5.62585 140.608
992 0.526897 -5.63321 140.608
993 0.534239 -5.64117 140.608
994 0.541533 -5.64938 140.608
995 0.548561 -5.65642 140.608
996 0.555109 -5.66358 140.608
997 0.560967 -5.6687 140.608
998 0.565956 -5.67279 140.608
999 0.569936 -5.67662 140.608
1000 0.572831 -5.67967 140.608
1001 0.574647 -5.68178 140.608
1002 0.575463 -5.68229 140.608
1003 0.57543 -5.68254 140.608
1004 0.574747 -5.6823 140.608
1005 0.57364 -5.68164 140.608
1006 0.572342 -5.68033 140.608
1007 0.571077 -5.67875 140.608
1008 0.57006 -5.67727 140.608
1009 0.569491 -5.67699 140.608
1010 0.569513 -5.67641 140.608
1011 0.570188 -5.67678 140.608
1012 0.571477 -5.67854 140.608
1013 0.573232 -5.68197 140.608
1014 0.575219 -5.68442 140.608
1015 0.577166 -5.68654 140.608
1016 0.578844 -5.68822 140.608
1017 0.580117 -5.68949 140.608
1018 0.580961 -5.69048 140.608
1019 0.58146 -5.69172 140.608
1020 0.581788 -5.69234 140.608
1021 0.582158 -5.69269 140.608
1022 0.582792 -5.69316 140.608
1023 0.583881 -5.69484 140.608
1024 0.585533 -5.69649 140.608
1025 0.587738 -5.69825 140.608
1026 0.59036 -5.70044 140.608
1027 0.593155 -5.70265 140.608
1028 0.595798 -5.70532 140.608
1029 0.597931 -5.70733 140.608
1030 0.59923 -5.7094 140.608
1031 0.599473 -5.7095 140.608
1032 0.598604 -5.70832 140.608
1033 0.596751 -5.70645 140.608
1034 0.594204 -5.70434 140.608
1035 0.591388 -5.70013 140.608
1036 0.588765 -5.69763 140.608
1037 0.586716 -5.69527 140.608
1038 0.585414 -5.69428 140.608
1039 0.584749 -5.69379 140.608
1040 0.584351 -5.69358 140.608
1041 0.583671 -5.69295 140.608
1042 0.582136 -5.69114 140.608
1043 0.579308 -5.68802 140.608
1044 0.574996 -5.68386 140.608
1045 0.569313 -5.67845 140.608
1046 0.56267 -5.67192 140.608
1047 0.555705 -5.66551 140.608
1048 0.549162 -5.65923 140.608
1049 0.543737 -5.65392 140.608
1050 0.539964 -5.64983 140.608
1051 0.538143 -5.64846 140.608
1052 0.53831 -5.64849 140.608
1053 0.540272 -5.65033 140.608
1054 0.543669 -5.6539 140.608
1055 0.548029 -5.6586 140.608
1056 0.552813 -5.66282 140.608
1057 0.55746 -5.66705 140.608
1058 0.561413 -5.67043 140.608
1059 0.564181 -5.67247 140.608
1060 0.565426 -5.67402 140.608
1061 0.565021 -5.67421 140.608
1062 0.563106 -5.67106 140.608
1063 0.560103 -5.66786 140.608
1064 0.556681 -5.66348 140.608
1065 0.553633 -5.66023 140.608
1066 0.551686 -5.65886 140.608
1067 0.551294 -5.65847 140.608
1068 0.552527 -5.65912 140.608
1069 0.555096 -5.66202 140.608
1070 0.558497 -5.66591 140.608
1071 0.562186 -5.67068 140.608
1072 0.565704 -5.67407 140.608
1073 0.568732 -5.67695 140.608
1074 0.571101 -5.67962 140.608
1075 0.57279 -5.68085 140.608
1076 0.57389 -5.68224 140.608
1077 0.574568 -5.68276 140.608
1078 0.575006 -5.68273 140.608
1079 0.575347 -5.68383 140.608
1080 0.575672 -5.6843 140.608
1081 0.575963 -5.68369 140.608
1082 0.576135 -5.68327 140.608
1083 0.576113 -5.68294 140.608
1084 0.575896 -5.68302 140.608
1085 0.575584 -5.68269 140.608
1086 0.575376 -5.68201 140.608
1087 0.57551 -5.68319 140.608
1088 0.576175 -5.6837 140.608
1089 0.577437 -5.68436 140.608
1090 0.579219 -5.686 140.608
1091 0.581312 -5.68886 140.608
1092 0.583425 -5.6904 140.608
1093 0.585247 -5.69208 140.608
1094 0.586499 -5.69349 140.608
1095 0.587007 -5.69521 140.608
1096 0.5867 -5.6955 140.608
1097 0.585596 -5.69454 140.608
1098 0.58381 -5.69274 140.608
1099 0.581514 -5.68998 140.608
1100 0.578905 -5.68871 140.608
1101 0.576186 -5.68568 140.608
1102 0.573532 -5.68393 140.608
1103 0.571097 -5.68133 140.608
1104 0.569008 -5.67954 140.608
1105 0.567378 -5.67806 140.608
1106 0.566316 -5.67668 140.608
1107 0.565913 -5.67613 140.608
1108 0.566256 -5.67632 140.608
1109 0.567419 -5.67823 140.608
1110 0.569439 -5.68085 140.608
1111 0.572312 -5.68327 140.608
1112 0.576 -5.68696 140.608
1113 0.580415 -5.69124 140.608
1114 0.585395 -5.69684 140.608
1115 0.590696 -5.702 140.608
1116 0.595993 -5.70687 140.608
1117 0.600893 -5.71135 140.608
1118 0.604971 -5.71439 140.608
1119 0.607826 -5.71727 140.608
1120 0.609131 -5.71889 140.608
1121 0.608669 -5.71903 140.608
1122 0.606368 -5.71613 140.608
1123 0.602288 -5.71188 140.608
1124 0.59661 -5.70589 140.608
1125 0.589619 -5.69812 140.608
1126 0.581661 -5.68998 140.608
1127 0.573134 -5.68143 140.608
1128 0.564503 -5.67292 140.608
1129 0.556284 -5.66512 140.608
1130 0.549027 -5.65798 140.608
1131 0.543271 -5.65174 140.608
1132 0.539473 -5.64822 140.608
1133 0.537915 -5.64636 140.608
1134 0.538616 -5.64708 140.608
1135 0.541324 -5.64921 140.608
1136 0.545557 -5.65318 140.608
1137 0.550702 -5.65866 140.608
1138 0.556131 -5.66352 140.608
1139 0.561286 -5.6681 140.608
1140 0.565753 -5.67198 140.608
1141 0.569253 -5.67533 140.608
1142 0.571636 -5.67772 140.608
1143 0.572888 -5.67942 140.608
