1.26319 1.59565
1.25764 1.58166
1.24087 1.53976
1.21291 1.47115
1.1738 1.37781
1.12378 1.26288
1.06355 1.13114
0.99465 0.989329
0.919805 0.846041
0.842995 0.710641
0.769087 0.591495
0.702919 0.494095
0.648229 0.420201
0.60701 0.368461
0.579543 0.33587
0.564781 0.318978
0.560806 0.314503
0.565256 0.319514
0.575672 0.331398
0.589796 0.347859
0.605759 0.366944
0.622165 0.387089
0.638069 0.407132
0.652886 0.42626
0.666269 0.443914
0.678026 0.459719
0.688037 0.473395
0.696215 0.484715
0.702497 0.493502
0.706879 0.499678
0.709438 0.503302
0.71034 0.504583
0.709823 0.503849
0.708186 0.501527
0.705768 0.498108
0.702898 0.494066
0.699854 0.489796
0.696833 0.485576
0.693953 0.481571
0.691233 0.477803
0.688644 0.474231
0.686155 0.470809
0.683769 0.46754
0.681553 0.464514
0.679632 0.4619
0.678118 0.459844
0.677014 0.458348
0.676149 0.457177
0.675202 0.455898
0.673776 0.453974
0.671505 0.450919
0.668141 0.446412
0.663598 0.440362
0.657929 0.432871
0.651271 0.424154
0.643811 0.414493
0.635742 0.404168
0.627225 0.393411
0.618392 0.382409
0.609347 0.371304
0.600184 0.360221
0.591011 0.349294
0.581994 0.338717
0.573406 0.328794
0.565648 0.319958
0.559242 0.312752
0.554806 0.30781
0.552953 0.305757
0.554163 0.307097
0.558649 0.312089
0.566286 0.32068
0.576588 0.332454
0.588771 0.346651
0.601882 0.362262
0.614954 0.378168
0.627151 0.393318
0.637845 0.406846
0.646656 0.418164
0.653435 0.426977
0.658226 0.433261
0.661184 0.437164
0.662506 0.438914
0.662407 0.438783
0.661082 0.437029
0.658676 0.433854
0.655273 0.429383
0.650919 0.423696
0.645609 0.416811
0.639307 0.408713
0.631987 0.399408
0.623654 0.388944
0.614391 0.377476
0.604401 0.365301
0.594004 0.352841
0.583616 0.340608
0.5737 0.329132
0.564698 0.318884
0.556948 0.310191
0.550653 0.303219
0.545871 0.297975
0.542519 0.294327
0.540422 0.292056
0.539334 0.290881
0.538973 0.290492
0.539081 0.290608
0.539431 0.290986
0.539833 0.29142
0.540133 0.291744
0.540194 0.29181
0.539892 0.291483
0.539117 0.290647
0.53777 0.289197
0.535773 0.287053
0.533122 0.284219
0.529897 0.280791
0.526283 0.276974
0.522557 0.273066
0.519045 0.269408
0.516108 0.266367
0.514104 0.264303
0.513354 0.263532
0.51412 0.264319
0.516565 0.266839
0.520728 0.271158
0.52651 0.277213
0.533685 0.28482
0.541915 0.293672
0.550776 0.303354
0.559782 0.313356
0.568434 0.323117
0.576264 0.33208
0.582846 0.339709
0.587851 0.345569
0.591064 0.349357
0.592394 0.350931
0.591896 0.350341
0.589747 0.347802
0.586211 0.343643
0.581601 0.33826
0.576222 0.332032
0.570353 0.325303
0.564208 0.318331
0.557939 0.311296
0.551649 0.304317
0.545402 0.297463
0.539251 0.290792
0.53327 0.284377
0.527558 0.278317
0.522248 0.272743
0.517509 0.267816
0.513533 0.263716
0.510514 0.260625
0.508633 0.258708
0.508036 0.258101
0.508816 0.258894
0.511002 0.261123
0.514569 0.264781
0.519454 0.269832
0.525558 0.276211
0.532736 0.283808
0.540784 0.292447
0.549438 0.301882
0.558341 0.311745
0.567066 0.321564
0.575139 0.330785
0.582105 0.338846
0.587617 0.345294
0.591468 0.349834
0.593604 0.352366
0.594132 0.352993
0.593274 0.351974
0.591309 0.349646
0.588499 0.346331
0.585055 0.342289
0.58112 0.3377
0.57678 0.332675
0.572107 0.327306
0.567204 0.32172
0.56223 0.316103
0.557416 0.310713
0.553057 0.305872
0.549447 0.301892
0.546843 0.299037
0.545403 0.297464
0.545162 0.297202
0.546028 0.298147
0.547796 0.30008
0.55018 0.302698
0.552858 0.305652
0.555533 0.308617
0.55797 0.311331
0.560011 0.313612
0.56158 0.315372
0.562686 0.316616
0.563369 0.317385
0.563665 0.317718
0.563573 0.317615
0.563023 0.316995
0.5619 0.315732
0.560084 0.313694
0.557521 0.31083
0.554273 0.307219
0.550559 0.303115
0.546717 0.298899
0.543145 0.295006
0.540239 0.291858
0.538305 0.289772
0.53749 0.288896
0.537773 0.2892
0.538957 0.290475
0.540723 0.292381
0.542691 0.294514
0.544502 0.296482
0.545891 0.297997
0.546735 0.298919
0.54709 0.299307
0.547147 0.29937
0.547173 0.299398
0.547444 0.299695
0.54815 0.300468
0.549352 0.301788
0.55099 0.30359
0.552931 0.305733
0.555012 0.308038
0.557097 0.310357
0.559089 0.312581
0.560927 0.314639
0.562577 0.316493
0.563973 0.318066
0.565018 0.319245
0.565566 0.319865
0.565456 0.31974
0.564568 0.318737
0.562869 0.316822
0.560463 0.314119
0.557595 0.310912
0.554654 0.307641
0.552144 0.304863
0.550599 0.303159
0.550485 0.303034
0.55211 0.304825
0.555556 0.308642
0.560674 0.314355
0.567142 0.32165
0.574554 0.330112
0.582511 0.339319
0.590662 0.348882
0.598721 0.358467
0.606462 0.367796
0.613677 0.376599
0.620146 0.384581
0.625647 0.391434
0.629971 0.396863
0.632937 0.400609
0.634384 0.402443
0.634175 0.402178
0.632248 0.399738
0.628632 0.395178
0.623462 0.388705
0.617014 0.380706
0.609704 0.371739
0.602046 0.362459
0.594586 0.353533
0.587828 0.345542
0.582165 0.338916
0.577835 0.333893
0.574927 0.330541
0.573412 0.328801
0.573188 0.328544
0.57412 0.329614
0.576035 0.331816
0.578729 0.334927
0.581961 0.338679
0.585449 0.342751
0.588879 0.346778
0.591956 0.350412
0.594459 0.353382
0.596227 0.355487
0.597161 0.356601
0.597233 0.356687
0.596475 0.355782
0.594954 0.35397
0.592754 0.351357
0.589985 0.348082
0.586769 0.344298
0.583242 0.340171
0.579565 0.335896
0.575944 0.331711
0.572644 0.327921
0.569975 0.324872
0.568282 0.322944
0.567918 0.322531
0.569178 0.323964
0.572237 0.327455
0.577111 0.333057
0.583661 0.34066
0.591576 0.349962
0.600412 0.360495
0.609663 0.371689
0.618811 0.382927
0.627369 0.393592
0.634905 0.403104
0.641076 0.410978
0.645638 0.416848
0.648459 0.420499
0.649527 0.421885
0.648951 0.421137
0.646946 0.418539
0.643773 0.414444
0.639686 0.409198
0.634895 0.403092
0.629549 0.396332
0.623734 0.389044
0.617508 0.381316
0.610945 0.373254
0.60417 0.365021
0.597363 0.356843
0.590753 0.348989
0.58458 0.341734
0.579055 0.335305
0.574313 0.329835
0.570389 0.325344
0.567226 0.321745
0.564681 0.318865
0.562585 0.316502
0.560793 0.314489
0.559209 0.312715
0.557797 0.311137
0.556572 0.309772
0.555558 0.308645
0.554723 0.307718
0.553936 0.306845
0.552957 0.305761
0.551484 0.304135
0.549217 0.301639
0.545938 0.298048
0.541584 0.293313
0.53626 0.287575
0.530224 0.281137
0.523847 0.274416
0.517542 0.26785
0.511687 0.261824
0.50658 0.256623
0.502437 0.252443
0.499386 0.249386
0.497493 0.247499
0.496805 0.246815
0.497354 0.247361
0.499176 0.249177
0.502317 0.252322
0.506813 0.256859
0.512661 0.262821
0.519782 0.270173
0.528003 0.278787
0.537034 0.288406
0.546461 0.29862
0.555783 0.308895
0.564454 0.318608
0.571948 0.327125
0.577812 0.333867
0.581716 0.338394
0.583504 0.340477
0.583201 0.340123
0.581015 0.337578
0.577298 0.333273
0.57249 0.327745
0.56709 0.321591
0.561608 0.315404
0.5565 0.309692
0.552099 0.304813
0.548587 0.300948
0.545971 0.298084
0.544114 0.29606
0.542779 0.294609
0.54171 0.29345
0.540712 0.292369
0.539687 0.291262
0.538657 0.290151
0.537744 0.289169
0.537124 0.288502
0.536966 0.288332
0.537382 0.288779
0.538411 0.289886
0.540029 0.291631
0.542201 0.293982
0.544931 0.29695
0.548267 0.300597
0.552281 0.305014
0.557023 0.310275
0.562463 0.316365
0.568458 0.323144
0.574727 0.330311
0.580892 0.337436
0.58654 0.344029
0.591286 0.349619
0.59483 0.353823
0.597003 0.356413
0.597765 0.357323
0.597184 0.356629
0.595435 0.354543
0.592765 0.35137
0.58947 0.347475
0.585856 0.343227
0.582209 0.338967
0.578761 0.334964
0.575658 0.331382
0.572942 0.328263
0.570552 0.32553
0.568362 0.323035
0.566219 0.320604
0.563969 0.318061
0.561496 0.315278
0.558725 0.312174
0.555641 0.308737
0.552278 0.305011
0.548708 0.30108
0.545025 0.297052
0.541343 0.293052
0.53778 0.289207
0.534454 0.285641
0.531476 0.282467
0.528949 0.279787
0.526983 0.277711
0.525686 0.276346
0.525184 0.275818
0.525587 0.276242
0.526956 0.277683
0.52928 0.280137
0.532428 0.28348
0.53616 0.287468
0.540134 0.291745
0.543946 0.295877
0.547215 0.299444
0.549648 0.302113
0.551085 0.303695
0.551505 0.304158
0.550983 0.303582
0.54964 0.302104
0.547594 0.299859
0.544949 0.296969
0.541833 0.293583
0.538457 0.289936
0.535148 0.286383
0.532335 0.283381
0.530494 0.281424
0.530046 0.280949
0.531283 0.282262
0.534321 0.285499
0.53907 0.290596
0.545264 0.297313
0.55251 0.305267
0.56035 0.313992
0.568343 0.323014
0.576141 0.331938
0.583533 0.340511
0.59044 0.348619
0.596881 0.356267
0.60293 0.363525
0.608643 0.370446
0.614032 0.377035
0.619051 0.383224
0.623608 0.388887
0.627585 0.393863
0.630843 0.397963
0.633226 0.400975
0.634547 0.40265
0.634614 0.402735
0.63326 0.401018
0.630361 0.397355
0.625869 0.391712
0.619852 0.384217
0.612484 0.375137
0.604027 0.364849
0.594817 0.353807
0.585224 0.342487
0.575605 0.331321
0.566281 0.320674
0.557498 0.310804
0.549409 0.30185
0.542113 0.293887
0.535679 0.286952
0.530177 0.281088
0.525722 0.276384
0.522463 0.272968
0.520561 0.270984
0.520149 0.270555
0.52128 0.271733
0.523898 0.274469
0.527815 0.278589
0.53273 0.283801
0.53829 0.289756
0.54413 0.296077
0.549922 0.302414
0.555417 0.308488
0.560459 0.314114
0.564993 0.319217
0.569032 0.323797
0.572616 0.327889
0.575771 0.331512
0.578485 0.334645
0.580694 0.337206
0.582322 0.339099
0.583325 0.340268
0.58371 0.340717
0.58355 0.340531
0.58296 0.339842
0.582082 0.338819
0.581045 0.337613
0.579924 0.336312
0.578732 0.334931
0.577432 0.333428
0.575952 0.331721
0.574235 0.329746
0.572273 0.327496
0.570133 0.325052
0.567975 0.322596
0.566042 0.320404
0.564594 0.318766
0.563862 0.31794
0.564006 0.318103
0.565041 0.319271
0.566822 0.321287
0.569088 0.323861
0.571516 0.326631
0.573772 0.329214
0.575559 0.331268
0.576657 0.332533
0.576964 0.332887
0.576504 0.332357
0.575425 0.331114
0.573971 0.329443
0.572442 0.32769
0.57114 0.326201
0.570284 0.325224
0.569973 0.324869
0.570156 0.325078
0.570636 0.325625
0.571132 0.326192
0.57133 0.326418
0.570955 0.32599
0.569827 0.324703
0.567873 0.32248
0.565143 0.319387
0.561805 0.315625
0.558125 0.311504
0.55444 0.307404
0.551122 0.303735
0.54856 0.300918
0.547121 0.299341
0.54711 0.299329
0.548704 0.301076
0.551914 0.304609
0.556564 0.309763
0.56232 0.316204
0.568714 0.323436
0.575185 0.330838
0.581171 0.33776
0.586177 0.343603
0.589814 0.347881
0.591846 0.350282
0.592214 0.350717
0.591009 0.349292
0.588441 0.346263
0.584817 0.342011
0.580486 0.336964
0.575803 0.331549
0.571123 0.326181
0.566755 0.321211
0.562975 0.316941
0.560053 0.313659
0.558259 0.311653
0.557862 0.31121
0.559088 0.312579
0.56206 0.315911
0.566719 0.32117
0.572784 0.328082
0.579771 0.336134
0.587087 0.344671
0.594162 0.353028
0.600537 0.360645
0.605903 0.367118
0.610076 0.372193
0.612971 0.375733
0.614552 0.377674
0.614787 0.377963
0.613624 0.376534
0.610991 0.37331
0.606827 0.368239
0.601146 0.361377
0.59411 0.352967
0.58609 0.343501
0.577665 0.333697
0.569537 0.324372
0.562418 0.316314
0.556878 0.310113
0.553195 0.306025
0.551293 0.303924
0.55081 0.303392
0.551218 0.303841
0.551995 0.304698
0.552748 0.30553
0.553274 0.306112
0.553566 0.306435
0.553772 0.306663
0.554125 0.307055
0.55486 0.30787
0.556132 0.309283
0.557962 0.311322
0.560247 0.313877
0.562818 0.316764
0.565501 0.319791
0.56816 0.322806
0.570713 0.325713
0.573129 0.328477
0.575427 0.331116
0.577606 0.333629
0.579605 0.335942
0.581279 0.337885
0.582413 0.339205
0.582754 0.339602
0.582061 0.338795
0.58016 0.336586
0.576964 0.332887
0.572469 0.327721
0.56675 0.321206
0.559958 0.313553
0.552313 0.30505
0.544093 0.296037
0.53562 0.286889
0.527261 0.278004
0.519401 0.269777
0.512399 0.262553
0.506561 0.256604
0.50211 0.252114
0.499154 0.249155
0.497689 0.247694
0.497594 0.2476
0.498647 0.248649
0.500562 0.250562
0.503009 0.253018
0.505652 0.255684
0.508199 0.258266
0.510454 0.260563
0.512359 0.262512
0.514014 0.26421
0.515659 0.265904
0.517619 0.267929
0.520229 0.270638
0.523766 0.274331
0.528392 0.279198
0.534094 0.285256
0.540686 0.292341
0.547816 0.300102
0.555006 0.308032
0.561722 0.315532
0.567431 0.321978
0.571648 0.326781
0.573992 0.329467
0.574201 0.329707
0.572141 0.327345
0.567819 0.322418
0.561387 0.315155
0.553155 0.30598
0.543605 0.295506
0.53338 0.284494
0.523272 0.273814
0.514178 0.264379
0.506987 0.257036
0.502437 0.252443
0.500997 0.250998
0.502779 0.252787
0.507527 0.257584
0.514694 0.26491
0.523575 0.274131
0.533434 0.284552
0.543585 0.295485
0.553464 0.306322
0.562644 0.316568
0.570806 0.325819
0.577731 0.333773
0.58327 0.340204
0.587319 0.344944
0.589817 0.347884
0.590739 0.348973
0.59007 0.348183
0.587822 0.345535
0.58407 0.341138
0.578936 0.335167
0.572594 0.327864
0.565295 0.319558
0.557348 0.310637
0.549114 0.301526
0.540989 0.292669
0.533388 0.284503
0.52671 0.277423
0.521301 0.271755
0.517418 0.267721
0.515215 0.265446
0.514704 0.26492
0.51575 0.265998
0.518078 0.268405
0.521286 0.271739
0.524909 0.275529
0.528473 0.279284
0.531568 0.282565
0.533898 0.285047
0.535305 0.286551
0.535788 0.287069
0.535487 0.286746
0.534641 0.285841
0.533532 0.284656
0.532405 0.283455
0.531408 0.282394
0.530564 0.281498
0.529768 0.280654
0.528834 0.279665
0.527559 0.278318
0.525789 0.276454
0.523443 0.273993
0.520531 0.270953
0.517148 0.267442
0.51343 0.26361
0.509544 0.259635
0.505664 0.255696
0.501954 0.251958
0.498572 0.248574
0.495672 0.245691
0.493423 0.243466
0.492012 0.242076
0.491616 0.241686
0.49237 0.242428
0.494345 0.244377
0.497472 0.247478
0.501528 0.25153
0.506155 0.256193
0.510885 0.261003
0.515228 0.26546
0.518753 0.269105
0.521153 0.2716
0.522308 0.272806
0.522317 0.272815
0.521464 0.271925
0.520146 0.270552
0.518782 0.269135
0.517701 0.268014
0.517075 0.267367
0.516895 0.26718
0.517003 0.267292
0.517197 0.267493
0.517315 0.267615
0.517313 0.267613
0.517323 0.267623
0.517622 0.267933
0.51855 0.268894
0.520415 0.270832
0.52342 0.273968
0.527598 0.27836
0.532811 0.283888
0.538773 0.290276
0.545089 0.297122
0.551327 0.303961
0.557056 0.310311
0.561868 0.315696
0.565411 0.31969
0.567402 0.321945
0.567656 0.322233
0.56611 0.320481
0.562863 0.316815
0.558183 0.311568
0.552475 0.305229
0.546249 0.298388
0.540045 0.291649
0.534341 0.28552
0.529503 0.280373
0.525767 0.276431
0.523259 0.2738
0.522053 0.272539
0.522197 0.27269
0.523734 0.274297
0.526691 0.277403
0.531045 0.282009
0.536722 0.288071
0.543583 0.295482
0.551407 0.30405
0.5599 0.313488
0.568717 0.323439
0.577477 0.33348
0.585776 0.343134
0.593233 0.351925
0.599521 0.359425
0.604366 0.365258
0.607565 0.369135
0.609006 0.370888
0.608658 0.370465
0.606562 0.367917
0.602841 0.363417
0.597682 0.357224
0.591327 0.349668
0.584058 0.341124
0.576201 0.332008
0.568081 0.322716
0.560003 0.313603
0.552256 0.304987
0.545097 0.297131
0.538721 0.29022
0.533248 0.284353
0.528718 0.279543
0.525083 0.275712
0.52222 0.272714
0.519936 0.270333
0.518041 0.268366
0.516416 0.266685
0.515068 0.265295
0.514168 0.264369
0.514009 0.264205
0.514956 0.26518
0.517298 0.267597
0.521118 0.271564
0.526225 0.276913
0.532161 0.283195
0.53831 0.289778
0.544031 0.29597
0.548776 0.301155
0.552153 0.304873
0.553918 0.306825
0.553976 0.306889
0.552348 0.305088
0.549138 0.301553
0.544514 0.296495
0.538687 0.290184
0.53191 0.282928
0.524478 0.275077
0.516727 0.267007
0.509024 0.259105
0.501728 0.251731
0.495182 0.245205
0.489704 0.23981
0.485558 0.235767
0.48291 0.233202
0.481803 0.232134
0.482173 0.232491
0.483882 0.234142
0.486741 0.236917
0.490548 0.240637
0.49515 0.245174
0.500441 0.250441
0.506344 0.256384
0.512792 0.262956
0.519693 0.270081
0.526897 0.27762
0.534239 0.285411
0.541533 0.293258
0.548561 0.300919
0.555109 0.308146
0.560967 0.314684
0.565956 0.320306
0.569936 0.324827
0.572831 0.328135
0.574647 0.330219
0.575463 0.331158
0.57543 0.33112
0.574747 0.330334
0.57364 0.329063
0.572342 0.327575
0.571077 0.326129
0.57006 0.324968
0.569491 0.32432
0.569513 0.324345
0.570188 0.325114
0.571477 0.326586
0.573232 0.328595
0.575219 0.330877
0.577166 0.333121
0.578844 0.33506
0.580117 0.336536
0.580961 0.337516
0.58146 0.338096
0.581788 0.338477
0.582158 0.338908
0.582792 0.339647
0.583881 0.340917
0.585533 0.342849
0.587738 0.345436
0.59036 0.348525
0.593155 0.351833
0.595798 0.354975
0.597931 0.357521
0.59923 0.359077
0.599473 0.359368
0.598604 0.358327
0.596751 0.356112
0.594204 0.353078
0.591388 0.34974
0.588765 0.346644
0.586716 0.344236
0.585414 0.34271
0.584749 0.341931
0.584351 0.341466
0.583671 0.340672
0.582136 0.338882
0.579308 0.335598
0.574996 0.33062
0.569313 0.324117
0.56267 0.316598
0.555705 0.308808
0.549162 0.301579
0.543737 0.29565
0.539964 0.291561
0.538143 0.289598
0.53831 0.289778
0.540272 0.291894
0.543669 0.295576
0.548029 0.300336
0.552813 0.305602
0.55746 0.310762
0.561413 0.315185
0.564181 0.3183
0.565426 0.319707
0.565021 0.319249
0.563106 0.317088
0.560103 0.313715
0.556681 0.309894
0.553633 0.306509
0.551686 0.304357
0.551294 0.303925
0.552527 0.305286
0.555096 0.308132
0.558497 0.311919
0.562186 0.316053
0.565704 0.320021
0.568732 0.323456
0.571101 0.326156
0.57279 0.328088
0.57389 0.32935
0.574568 0.330128
0.575006 0.330632
0.575347 0.331024
0.575672 0.331398
0.575963 0.331733
0.576135 0.331932
0.576113 0.331906
0.575896 0.331656
0.575584 0.331297
0.575376 0.331058
0.57551 0.331212
0.576175 0.331978
0.577437 0.333433
0.579219 0.335495
0.581312 0.337924
0.583425 0.340385
0.585247 0.342514
0.586499 0.343981
0.587007 0.344577
0.5867 0.344217
0.585596 0.342923
0.58381 0.340834
0.581514 0.338159
0.578905 0.335131
0.576186 0.33199
0.573532 0.328939
0.571097 0.326152
0.569008 0.32377
0.567378 0.321918
0.566316 0.320714
0.565913 0.320258
0.566256 0.320646
0.567419 0.321964
0.569439 0.324261
0.572312 0.327541
0.576 0.331776
0.580415 0.336882
0.585395 0.342687
0.590696 0.348922
0.595993 0.355208
0.600893 0.361072
0.604971 0.36599
0.607826 0.369452
0.609131 0.371041
0.608669 0.370478
0.606368 0.367682
0.602288 0.362751
0.59661 0.355943
0.589619 0.347651
0.581661 0.33833
0.573134 0.328483
0.564503 0.318664
0.556284 0.309452
0.549027 0.301431
0.543271 0.295143
0.539473 0.291031
0.537915 0.289353
0.538616 0.290107
0.541324 0.293032
0.545557 0.297632
0.550702 0.303273
0.556131 0.309282
0.561286 0.315042
0.565753 0.320076
0.569253 0.324049
0.571636 0.326768
0.572888 0.328201
